0	329	573	961	613	490	558	1030	894	894	768	628	727	677	671	837	1094	576	575	768	518	1169	486	675	804	688	205	727	786	900
329	0	902	648	636	755	887	755	1223	1223	1057	349	414	946	1000	1126	1397	785	700	1097	205	1438	283	548	529	977	150	712	679	667
573	902	0	1308	590	256	292	1236	351	321	210	1102	1295	418	170	273	521	387	498	225	1091	682	960	938	1127	144	778	866	1008	1473
961	648	1308	0	735	1052	1429	397	1653	1568	1357	359	234	1144	1430	1417	1688	983	827	1527	443	1636	497	370	184	1285	756	546	384	434
613	636	590	735	0	334	874	694	937	833	622	636	829	409	756	682	953	248	92	811	702	901	549	365	554	567	609	324	435	1141
490	755	256	1052	334	0	544	980	603	530	313	899	1092	191	422	382	653	131	242	477	910	683	757	682	871	233	671	610	752	1366
558	887	292	1429	874	544	0	1466	344	510	474	1186	1285	682	122	537	710	675	782	222	1076	919	1044	1059	1248	424	763	1111	1170	1458
1030	755	1236	397	694	980	1466	0	1583	1462	1251	406	562	1038	1402	1311	1582	894	738	1457	550	1530	544	407	226	1213	863	370	333	771
894	1223	351	1653	937	603	344	1583	0	293	523	1423	1616	715	272	442	449	734	845	126	1412	658	1281	1283	1472	483	1099	1213	1355	1794
894	1223	321	1568	833	530	510	1462	293	0	246	1418	1611	424	397	151	200	659	772	288	1412	409	1276	1198	1387	297	1099	1092	1254	1794
768	1057	210	1357	622	313	474	1251	523	246	0	1201	1394	213	352	95	366	444	555	397	1212	477	1059	987	1176	80	973	881	1043	1668
628	349	1102	359	636	899	1186	406	1423	1418	1201	0	197	1045	1200	1270	1541	884	728	1297	144	1537	142	271	180	1121	457	545	383	509
727	414	1295	234	829	1092	1285	562	1616	1611	1394	197	0	1238	1393	1463	1734	1077	921	1490	209	1730	335	464	349	1314	522	711	549	340
677	946	418	1144	409	191	682	1038	715	424	213	1045	1238	0	560	273	544	235	352	605	1101	492	948	774	963	288	862	668	830	1550
671	1000	170	1430	756	422	122	1402	272	397	352	1200	1393	560	0	415	597	553	664	150	1189	806	1058	1060	1249	302	876	1032	1171	1571
837	1126	273	1417	682	382	537	1311	442	151	95	1270	1463	273	415	0	271	508	624	437	1281	420	1128	1047	1236	149	1042	941	1103	1737
1094	1397	521	1688	953	653	710	1582	449	200	366	1541	1734	544	597	271	0	779	895	488	1552	217	1399	1318	1507	420	1299	1212	1374	1994
576	785	387	983	248	131	675	894	734	659	444	884	1077	235	553	508	779	0	156	608	922	727	769	613	802	364	701	524	683	1389
575	700	498	827	92	242	782	738	845	772	555	728	921	352	664	624	895	156	0	719	766	844	613	457	646	475	630	368	527	1233
768	1097	225	1527	811	477	222	1457	126	288	397	1297	1490	605	150	437	488	608	719	0	1286	697	1155	1157	1346	357	973	1087	1229	1668
518	205	1091	443	702	910	1076	550	1412	1412	1212	144	209	1101	1189	1281	1552	922	766	1286	0	1593	153	406	324	1132	313	689	527	471
1169	1438	682	1636	901	683	919	1530	658	409	477	1537	1730	492	806	420	217	727	844	697	1593	0	1440	1266	1455	552	1354	1160	1322	2042
486	283	960	497	549	757	1044	544	1281	1276	1059	142	335	948	1058	1128	1399	769	613	1155	153	1440	0	265	318	979	345	558	396	624
675	548	938	370	365	682	1059	407	1283	1198	987	271	464	774	1060	1047	1318	613	457	1157	406	1266	265	0	189	915	610	293	131	776
804	529	1127	184	554	871	1248	226	1472	1387	1176	180	349	963	1249	1236	1507	802	646	1346	324	1455	318	189	0	1104	637	365	203	618
688	977	144	1285	567	233	424	1213	483	297	80	1121	1314	288	302	149	420	364	475	357	1132	552	979	915	1104	0	893	843	985	1588
205	150	778	756	609	671	763	863	1099	1099	973	457	522	862	876	1042	1299	701	630	973	313	1354	345	610	637	893	0	723	741	695
727	712	866	546	324	610	1111	370	1213	1092	881	545	711	668	1032	941	1212	524	368	1087	689	1160	558	293	365	843	723	0	162	980
786	679	1008	384	435	752	1170	333	1355	1254	1043	383	549	830	1171	1103	1374	683	527	1229	527	1322	396	131	203	985	741	162	0	818
900	667	1473	434	1141	1366	1458	771	1794	1794	1668	509	340	1550	1571	1737	1994	1389	1233	1668	471	2042	624	776	618	1588	695	980	818	0

0	17493	22782	14827	10242	112387	48225	5382	26661	30183	5449	7115	10899	7590	7201	59593	13039	7581	16743	23836	38213	11290	15973	8885	26286	19798	36041	14689	5242	6634
17174	0	7544	4910	3391	37216	15969	1782	8828	9995	1804	2356	3609	2513	2385	19733	4318	2510	5544	7893	12654	3738	5289	2942	8704	6556	11934	4864	1736	2197
22429	7565	0	6412	4429	48604	20856	2328	11530	13053	2357	3077	4714	3282	3114	25772	5639	3279	7241	10308	16526	4882	6908	3842	11368	8562	15586	6352	2267	2869
14536	4903	6385	0	2871	31499	13516	1508	7472	8459	1527	1994	3055	2127	2018	16702	3654	2125	4693	6681	10710	3164	4477	2490	7367	5549	10101	4117	1469	1859
10016	3378	4400	2864	0	21706	9314	1039	5149	5829	1052	1374	2105	1466	1391	11509	2518	1464	3234	4604	7380	2180	3085	1716	5077	3824	6961	2837	1012	1281
116190	39190	51038	33217	22945	0	108040	12058	59729	67619	12208	15941	24418	17003	16133	133508	29211	16985	37509	53401	85609	25293	35785	19905	58890	44354	80743	32908	11745	14863
48130	16234	21142	13760	9505	104299	0	4995	24742	28010	5057	6603	10115	7043	6683	55304	12100	7036	15538	22121	35463	10477	14823	8245	24394	18373	33447	13632	4865	6157
5250	1771	2306	1501	1037	11377	4882	0	2699	3055	552	720	1103	768	729	6033	1320	767	1695	2413	3868	1143	1617	899	2661	2004	3649	1487	531	672
26302	8872	11554	7520	5194	56998	24458	2730	0	15307	2764	3609	5528	3849	3652	30223	6613	3845	8491	12089	19380	5726	8101	4506	13331	10041	18278	7450	2659	3365
29833	10062	13105	8529	5891	64649	27740	3096	15336	0	3135	4093	6270	4366	4142	34279	7500	4361	9631	13711	21981	6494	9188	5111	15121	11388	20732	8449	3016	3816
5316	1793	2335	1520	1050	11520	4943	552	2733	3094	0	729	1117	778	738	6108	1336	777	1716	2443	3917	1157	1637	911	2694	2029	3694	1506	537	680
6947	2343	3052	1986	1372	15055	6460	721	3571	4043	730	0	1460	1017	965	7983	1747	1016	2243	3193	5119	1512	2140	1190	3521	2652	4828	1968	702	889
10663	3597	4684	3048	2106	23107	9915	1107	5482	6206	1120	1463	0	1560	1481	12252	2681	1559	3442	4901	7857	2321	3284	1827	5404	4070	7410	3020	1078	1364
7412	2500	3256	2119	1464	16062	6892	769	3810	4314	779	1017	1558	0	1029	8517	1863	1084	2393	3407	5461	1614	2283	1270	3757	2829	5151	2099	749	948
7031	2372	3089	2010	1389	15237	6538	730	3615	4092	739	965	1478	1029	0	8079	1768	1028	2270	3232	5181	1531	2166	1205	3564	2684	4886	1991	711	899
59843	20184	26287	17108	11818	129681	55645	6210	30763	34827	6288	8210	12576	8757	8309	0	15045	8748	19319	27504	44093	13027	18431	10252	30331	22844	41586	16949	6049	7655
12771	4307	5610	3651	2522	27674	11875	1325	6565	7432	1342	1752	2684	1869	1773	14674	0	1867	4123	5869	9409	2780	3933	2188	6473	4875	8875	3617	1291	1634
7404	2497	3252	2117	1462	16045	6885	768	3806	4309	778	1016	1556	1084	1028	8508	1861	0	2390	3403	5455	1612	2280	1268	3753	2826	5145	2097	748	947
16431	5542	7217	4697	3245	35606	15278	1705	8447	9562	1726	2254	3453	2404	2281	18880	4131	2402	0	7552	12106	3577	5060	2815	8328	6272	11418	4654	1661	2102
23480	7920	10314	6713	4637	50883	21834	2437	12071	13665	2467	3221	4935	3436	3260	26980	5903	3432	7580	0	17301	5111	7232	4023	11901	8963	16317	6650	2374	3004
37933	12794	16663	10845	7491	82201	35272	3937	19500	22076	3986	5204	7972	5551	5267	43587	9537	5545	12246	17434	0	8257	11683	6498	19226	14480	26360	10744	3834	4852
11047	3726	4853	3158	2182	23940	10273	1146	5679	6429	1161	1516	2322	1617	1534	12694	2777	1615	3566	5077	8140	0	3402	1893	5599	4217	7677	3129	1117	1413
15669	5285	6883	4480	3094	33955	14570	1626	8055	9119	1646	2150	3293	2293	2176	18004	3939	2290	5058	7202	11545	3411	0	2684	7942	5981	10889	4438	1584	2004
8683	2929	3814	2482	1715	18816	8074	901	4464	5053	912	1191	1825	1271	1206	9977	2183	1269	2803	3991	6398	1890	2674	0	4401	3315	6034	2459	878	1111
25927	8745	11389	7412	5120	56185	24109	2691	13328	15089	2724	3557	5449	3794	3600	29792	6518	3790	8370	11916	19104	5644	7985	4442	0	9897	18018	7343	2621	3317
19460	6564	8548	5563	3843	42171	18095	2020	10004	11325	2045	2670	4090	2848	2702	22361	4892	2845	6282	8944	14339	4236	5994	3334	9863	0	13523	5512	1967	2489
35735	12053	15697	10216	7057	77438	33228	3708	18370	20797	3755	4903	7510	5229	4962	41061	8984	5224	11536	16424	26330	7779	11006	6122	18112	13641	0	10121	3612	4571
14399	4857	6325	4117	2844	31204	13389	1494	7402	8380	1513	1976	3026	2107	1999	16546	3620	2105	4649	6618	10610	3135	4435	2467	7298	5497	10006	0	1456	1842
5114	1725	2246	1462	1010	11081	4755	531	2629	2976	537	702	1075	748	710	5876	1286	747	1651	2350	3768	1113	1575	876	2592	1952	3554	1448	0	654
6476	2184	2845	1851	1279	14033	6022	672	3329	3769	680	888	1361	948	899	7441	1628	947	2091	2976	4771	1410	1994	1109	3282	2472	4500	1834	655	0

